States,State_Codes,Percent_Republican,Percent_Democrat,Percent_Independent,Financial_Literacy_Strictness,Median_Income,Minority_Percentage,White,Black,Indian,Asian,Hawaiian,Other
Alabama,AL,52,35,13,4,68,31.91,68.09,26.64,0.52,1.36,0.05,3.34
Alaska,AK,39,32,29,0,54,35.41,64.58,3.28,14.89,6.23,1.25,9.76
Arizona,AZ,40,39,21,2,67,22.78,77.22,4.5,4.5,3.31,0.21,10.26
Arkansas,AR,46,38,16,2,51,23.28,76.72,15.32,0.68,1.52,0.29,5.47
California,CA,30,49,21,0,77,40.3,59.7,5.79,0.77,14.49,0.4,18.85
Colorado,CO,41,42,17,3,83,16,84,4.16,0.98,3.18,0.15,7.53
Connecticut,CT,32,50,18,0,79,24.08,75.92,10.72,0.28,4.51,0.03,8.54
Delaware,DE,29,55,17,0,69,31.25,68.76,22.18,0.39,3.87,0.06,4.75
District of Columbia,DC,11,73,15,0,88,58.72,41.27,46.31,0.3,3.98,0.05,8.08
Florida,FL,37,44,19,2,57,24.87,75.12,16.07,0.28,2.73,0.06,5.73
Georgia,GA,41,41,18,3,59,41.37,58.62,31.61,0.36,3.98,0.06,5.36
Hawaii,HI,28,51,20,0,81,75.06,24.95,1.83,0.26,37.79,10.06,25.12
Idaho,ID,49,32,19,2,66,10.03,89.97,0.69,1.35,1.41,0.16,6.42
Illinois,IL,33,48,19,0,74,28.47,71.53,14.2,0.26,5.47,0.04,8.5
Indiana,IN,42,37,20,0,66,16.69,83.31,9.4,0.24,2.28,0.04,4.73
Iowa,IA,41,40,19,4,68,9.98,90.02,3.71,0.38,2.41,0.12,3.36
Kansas,KS,46,31,23,0,73,15.62,84.38,5.85,0.82,2.95,0.08,5.92
Kentucky,KY,44,43,13,2,57,13.05,86.95,8.07,0.21,1.47,0.07,3.23
Louisiana,LA,41,43,16,2,51,37.99,62.01,32.22,0.57,1.73,0.03,3.44
Maine,ME,36,47,17,0,63,5.69,94.31,1.38,0.65,1.13,0.03,2.5
Maryland,MD,31,55,14,0,94,44.46,55.54,29.89,0.28,6.28,0.05,7.96
Massachusetts,MA,27,56,17,0,87,21.93,78.07,7.63,0.22,6.6,0.04,7.44
Michigan,MI,34,47,19,3,64,21.59,78.41,13.79,0.54,3.13,0.03,4.1
Minnesota,MN,39,46,15,0,78,17.15,82.85,6.41,1.04,4.82,0.04,4.84
Mississippi,MS,44,42,14,2,45,41.59,58.41,37.72,0.48,0.99,0.02,2.38
Missouri,MO,41,42,18,3,62,17.84,82.16,11.49,0.44,1.98,0.13,3.8
Montana,MT,49,30,21,0,56,11.46,88.54,0.5,6.36,0.79,0.08,3.73
Nebraska,NE,47,36,17,0,72,12.93,87.06,4.83,0.92,2.38,0.07,4.73
Nevada,NV,37,46,18,0,61,34.4,65.59,9.12,1.28,8.15,0.67,15.18
New Hampshire,NH,35,44,20,2,88,7.11,92.88,1.6,0.15,2.68,0.03,2.65
New Jersey,NJ,30,51,19,2,85,32.22,67.78,13.46,0.22,9.46,0.04,9.04
New Mexico,NM,37,48,15,2,51,25.2,74.81,2.11,9.55,1.56,0.08,11.9
New York,NY,28,53,19,2,68,36.35,63.66,15.66,0.41,8.42,0.05,11.81
North Carolina,NC,41,43,17,4,60,31.32,68.68,21.44,1.21,2.85,0.07,5.75
North Dakota,ND,50,33,18,2,64,13.42,86.58,2.91,5.29,1.45,0.11,3.66
Ohio,OH,42,40,18,1,60,18.71,81.3,12.41,0.2,2.22,0.03,3.85
Oklahoma,OK,45,40,15,0,52,27.69,72.32,7.28,7.62,2.17,0.16,10.46
Oregon,OR,32,47,21,0,77,15.71,84.29,1.91,1.16,4.37,0.4,7.87
Pennsylvania,PA,39,46,15,0,70,19.46,80.53,11.18,0.19,3.41,0.03,4.65
Rhode Island,RI,30,48,22,0,80,19.55,80.46,6.77,0.5,3.4,0.08,8.8
South Carolina,SC,43,39,18,1,60,32.84,67.16,26.77,0.35,1.57,0.08,4.07
South Dakota,SD,53,37,10,2,70,15.72,84.27,2.01,8.75,1.45,0.06,3.45
Tennessee,TN,48,36,15,4,55,22.42,77.58,16.76,0.27,1.75,0.06,3.58
Texas,TX,39,40,21,3,68,26.03,73.97,12.13,0.5,4.8,0.09,8.51
Utah,UT,54,30,16,4,84,13.57,86.43,1.19,1.09,2.32,0.89,8.08
Vermont,VT,29,57,14,0,67,5.84,94.16,1.36,0.34,1.68,0.06,2.4
Virginia,VA,43,39,18,4,82,32.37,67.63,19.18,0.28,6.4,0.07,6.44
Washington,WA,33,44,23,0,81,24.62,75.38,3.8,1.28,8.53,0.66,10.35
West Virginia,WV,43,41,16,2,52,6.92,93.08,3.69,0.2,0.8,0.02,2.21
Wisconsin,WI,42,42,16,0,67,14.57,85.43,6.41,0.89,2.79,0.04,4.44
Wyoming,WY,57,25,18,0,65,8.55,91.44,0.96,2.44,0.86,0.1,4.19
